version https://git-lfs.github.com/spec/v1
oid sha256:cc653bf6f6afccb47dc355751c81e7089b5d3301636120768b60cefa0ffc0586
size 72
